101011 00000 00000 0000011111010000
001000 00000 00001 0000000000000000
001000 00000 00101 0000000000001010
000000 00110 00101 01010 00000 101010
000100 01010 00000 0000000000001000
100011 00001 00010 0000001111101000
100011 00000 00011 0000011111010000
000000 00010 00011 00100 00000 100000
101011 00000 00100 0000011111010000
001000 00001 00001 0000000000000100
001000 00110 00110 0000000000000001
001000 01000 01000 0000000000000001
000010 00000000000000000000000011
001000 00111 00111 0000000000000001

