001000 00000 010100000000001010000 
000000 00000 00000 01000 00000 100000
000000 00000 00000 00001 00000 100000
000000 00000 00000 00010 00000 100000
000000 00000 00000 00011 00000 100000
000100 00001 010100000000000001000
100011 00001 001000000001111101000
000000 00100 00010 00101 00000 101010
000101 00101 000000000000000000010
000000 00000 00100 00010 00000 100000
000000 00000 01000 00011 00000 100000
001000 00001 000010000000000000100
001000 01000 010000000000000000001
000010 00000000000000000000000101
101011 00000 000100000011111010000
101011 00000 000110000011111010100
001000 00111 001110000000000000001 